### case 1 ######
A<-c(1.1959737, -1.5462655, -3.2074894,  1.1201099,  2.7664945,  1.7280464,
    0.4748675,  0.3225717, -0.1150240,  2.2213247,  0.6528709,  1.6223956,
   3.3975704, -2.1830910, -4.2630464, -3.0339021,  0.7292003,  1.4023737,
   0.0343180, -0.1117035, -2.6109930, -2.6923939,  0.7360647,  1.1169648,
   0.9844019, -1.8802091, -0.9705676, -1.8361953,  0.5561025,  1.5524120,
   3.7656146,  0.9894278, -2.0700342, -1.3822353, -1.1966014,  0.4913922,
   1.4723081, -2.5769717, -2.4732192, -0.6528095, -1.7652368,  1.1819837,
   0.4025664, -0.3306871,  0.3982025,  3.3900164,  4.0774918,  5.6202259,
   2.3164217, -3.7468379, -3.0892611, -1.7321010, -1.2588312,  1.755483,
   0.4080225, -0.7460235, -1.5315005,  0.4678402, -0.8810457,  2.1099209,
  -0.9069835, -2.6409398, -0.5375984, -3.0990756,  0.5094836,  3.2427906,
   1.9159999, -0.8782267, -2.7772637, -3.0587087,  1.0650833,  0.7742680,
   1.4428541, -0.2417131, -1.6891479, -0.9568912,  0.7796219,  3.5554492,
  -0.2353330, -2.2522144, -1.6890698, -0.4225651,  2.1030431,  4.3432196,
   2.2828699, -1.9610531, -3.0236832, -2.0156912, -0.2637920,  1.9909414,
   2.3143867, -1.7145064, -3.3234655, -0.9998362 , 1.9511601,  2.476046,
  -0.2236457, -0.3336876, -0.9703204, -0.8002343)



### case 2 ###
B<-c(0.417237135,  0.050412427,  0.660055593, -0.103350366,  0.177153409,
    0.304908518,  0.118264704,  0.445371215, -0.038224426, -0.140547801,
  -0.052299421,  0.036005598, -0.467362266, -1.009575625, -1.327390327,
  -1.559274997, -1.219256441, -0.615158553,  0.087612553,  0.445062323,
   0.289568802,  0.514659320,  0.222517163,  0.480262478, -0.206720349,
  -0.763793537, -0.142111402, -0.820004009,  0.125002212, -0.138130212,
  -0.032419719, -0.501484169, -0.437107057, -0.402829016,  0.034824748,
  0.108250834 , 0.472764142 ,-0.134725689, -0.438346438, -0.711321734,
  -1.048417797, -0.695874036, -0.296481549,  0.141472150,  0.190985033,
  -0.563736846, -0.637472367, -0.442924256, -1.447824181, -1.196132176,
  -0.662735300, -0.190540769, -0.484483183,  0.233371028,  0.204604185,
  -0.047877047, -0.296798966,  0.116548377, -0.072636378,  0.223454088,
  -0.011173814,  0.485726765, -0.353836609, -0.215091918,  0.096890879,
  -0.031140625,  0.079818038, -0.070213811, -0.008683018, -0.079106322,
  -0.480422784,  0.019425818,  0.234021580,  0.135615947,  0.100048598,
  -0.507307910,  1.238549038,  1.208105372,  0.760086430, -0.054328619,
  0.096175816 , 0.002671722 , 0.303435622, -0.132072677,  0.331629014,
   0.459907726, -0.248762614, -0.820623042, -0.594473767, -0.287878420,
  -0.071335867, -0.288310797, -0.545438323, -0.387356298, -0.223667259,
  0.953319136,  0.428863921, -0.494308325, -0.333579644, -0.451299922)

